10
57
38
71
31
96
82
57
4
99
60
5
36
60
42
47
47
72
32
77
80
86
12
20
3
64
83
83
72
42
42
44
83
25
88
88
33
38
38
24
61
16
78
69
43
16
24
78
68
43
14
10
7
60
36
64
66
64
77
72
61
48
37
60
44
60
66
42
97
97
97
97
97
84
52
97
97
97
67
49
97
51
48
20
16
98
3
3
61
16
86
61
68
46
78
78
78
24
72
46
68
51
15
43
51
96
12
7
96
12
35
20
21
20
87
47
44
44
44
25
69
37
38
23
63
48
74
54
55
50
55
55
33
88
39
64
81
13
13
14
43
47
43
89
60
4
36
82
31
99
17
6
40
31
96
34
34
26
37
53
99
62
57
28
6
73
76
47
69
97
21
21
97
21
14
14
14
77
61
24
24
24
69
43
46
43
77
66
77
72
72
72
78
72
15
7
12
26
47
72
99
55
20
20
19
20
20
73
20
20
3
15
42
44
44
68
44
40
79
79
44
68
25
84
84
84
97
97
63
81
83
38
25
81
81
62
62
63
63
26
61
61
56
83
87
93
88
92
4
73
4
55
50
48
64
64
16
58
58
71
82
71
71
71
6
42
37
71
17
17
31
55
13
13
65
2
28
31
70
76
33
72
57
80
41
36
99
31
70
53
53
28
34
96
31
25
21
21
97
47
38
14
21
21
63
1
51
24
86
43
43
43
15
68
24
51
61
78
78
26
20
20
7
7
20
38
19
20
66
50
55
19
17
5
85
55
1
9
11
55
26
47
26
69
86
37
37
8
37
37
25
8
8
44
44
39
44
44
45
88
88
33
81
81
89
63
85
33
38
8
69
38
79
38
87
87
91
87
79
41
52
34
3
79
36
19
21
84
84
14
14
97
37
19
97
3
94
35
80
99
14
97
99
31
33
99
73
99
99
28
80
71
83
83
17
80
32
31
44
60
18
58
58
31
58
82
34
13
35
85
88
37
71
52
34
22
32
90
73
7
28
55
34
33
55
73
62
36
13
83
36
52
71
96
96
40
60
26
93
27
56
70
80
78
31
38
81
83
5
62
63
8
94
81
38
81
4
44
30
37
9
44
68
68
39
79
88
31
31
57
76
99
50
47
31
86
41
70
35
72
72
48
77
57
53
94
94
95
53
72
53
7
3
42
63
42
20
7
20
88
7
73
56
87
97
79
97
89
72
61
31
82
55
83
1
83
20
44
43
30
16
15
86
69
8
15
24
15
15
8
16
30
98
52
52
55
40
37
13
23
78
75
38
13
66
96
70
18
9
57
57
23
55
23
94
95
23
11
31
71
18
36
40
4
75
44
94
80
28
58
95
34
94
28
80
99
31
41
41
57
41
54
26
60
60
53
86
15
31
77
72
55
61
43
51
15
24
86
84
43
30
8
86
46
3
38
15
62
63
81
62
89
94
62
62
62
85
38
33
88
25
1
84
3
45
96
27
56
5
1
88
1
3
97
78
3
1
14
60
3
82
21
97
88
92
39
44
68
37
44
39
26
87
20
20
38
7
3
38
64
78
59
14
11
70
91
28
64
23
81
46
64
44
54
8
41
98
68
64
91
55
46
38
1
1
86
24
48
68
68
46
8
79
30
28
94
78
41
99
18
41
80
40
35
80
77
65
41
11
72
76
31
1
62
62
62
62
5
62
62
73
9
7
60
94
0
18
19
73
72
11
52
83
40
70
9
36
35
57
44
54
52
31
94
59
83
17
18
50
5
33
40
9
26
18
66
11
87
97
58
97
21
47
97
97
97
31
21
42
17
19
7
20
20
54
8
92
92
68
44
93
44
33
37
93
33
1
25
33
38
63
58
87
87
5
98
33
38
98
96
8
88
82
72
27
42
30
56
22
69
15
48
98
86
1
38
30
80
99
41
28
53
1
80
31
70
2
28
3
28
28
74
5
53
94
17
99
0
52
74
99
35
53
80
82
7
9
0
23
60
70
13
40
4
58
18
18
34
76
26
35
3
40
35
35
49
71
31
89
26
82
54
76
17
14
66
54
5
4
75
97
84
42
97
79
14
79
42
51
7
6
7
8
88
26
44
8
51
44
92
8
79
48
18
92
44
25
34
48
92
42
56
87
91
88
89
29
87
29
89
25
81
89
7
63
62
27
14
62
62
62
62
17
98
23
5
8
3
86
44
16
86
39
35
68
68
94
68
86
68
31
99
28
57
94
17
99
53
99
95
50
3
31
89
57
76
17
37
80
58
17
76
60
53
13
93
35
71
35
18
