13
11
37
34
15
35
35
4
31
24
3
1
31
27
8
31
31
31
31
15
31
11
18
18
31
8
32
27
25
12
10
29
13
2
16
16
16
37
37
33
7
7
25
28
7
13
33
25
28
7
7
24
18
25
31
39
19
19
0
25
23
39
3
3
29
3
25
38
9
9
9
9
9
9
35
9
9
9
25
30
9
7
38
18
7
9
38
38
7
7
0
23
33
30
25
25
7
33
0
7
33
7
0
7
4
10
18
18
18
18
27
18
9
18
12
8
29
29
29
29
28
29
37
34
37
7
4
3
19
39
17
17
16
16
16
19
5
26
39
31
7
31
7
4
32
31
31
35
15
1
10
4
6
15
10
22
22
17
3
24
24
5
4
24
4
11
3
31
28
9
9
9
9
9
30
30
30
0
33
33
33
33
28
7
7
7
4
3
0
25
25
4
25
25
0
18
8
8
35
25
24
31
18
18
18
18
18
11
18
18
38
0
8
29
29
28
29
13
28
28
29
33
2
9
7
7
9
9
37
9
13
37
30
5
5
5
5
5
5
5
23
0
2
19
2
12
16
13
19
36
19
19
39
39
39
39
39
34
34
34
34
34
34
34
34
38
34
13
32
32
32
32
10
39
24
36
24
15
10
20
16
15
35
6
20
31
24
4
10
24
24
24
6
10
15
3
30
9
9
9
30
30
30
30
15
39
0
33
0
7
7
7
0
33
33
7
25
25
25
8
18
18
18
18
18
37
18
19
19
39
19
18
32
1
8
32
39
17
6
17
17
31
15
28
0
3
29
28
34
3
29
28
13
3
29
12
29
29
16
16
16
16
5
5
4
37
5
16
37
28
28
37
37
37
12
12
0
21
2
6
36
6
38
28
35
8
30
9
9
30
30
9
9
8
38
38
27
21
21
27
24
9
24
15
10
24
21
24
24
24
20
21
19
19
32
6
22
15
11
3
21
34
34
15
34
35
31
34
11
10
16
1
22
35
6
34
22
15
11
21
24
17
22
10
17
19
5
31
39
19
17
35
34
10
10
6
3
17
21
1
15
10
6
25
15
37
5
13
1
5
37
37
5
37
37
5
19
29
0
29
21
29
33
28
29
28
16
4
15
11
21
24
15
11
15
0
20
27
21
25
25
25
25
11
27
21
20
24
24
25
24
18
37
38
34
12
18
18
18
16
18
6
2
12
9
9
9
30
25
7
15
19
17
21
12
19
19
29
7
28
39
0
11
28
28
0
33
0
0
28
7
0
1
11
11
17
6
34
1
1
25
17
37
17
3
3
10
21
21
11
11
21
17
10
21
11
10
6
15
34
34
31
6
31
31
21
20
20
24
34
35
22
15
24
31
24
15
21
20
11
21
4
24
20
25
24
0
25
15
25
25
17
7
7
7
0
33
29
7
7
7
9
0
5
38
37
0
5
37
5
5
5
1
5
5
5
5
37
16
16
22
2
29
16
16
2
1
2
1
2
16
30
9
9
25
9
9
30
30
30
35
9
0
16
29
29
29
28
3
29
33
8
12
29
18
37
18
38
37
39
3
8
39
22
10
12
24
38
10
5
7
13
29
3
28
21
1
7
39
37
19
12
37
19
7
0
33
38
33
33
25
28
28
28
24
15
25
20
24
11
20
22
11
20
20
4
21
20
6
25
27
4
5
5
5
5
5
1
5
5
19
21
17
17
21
13
3
11
11
25
21
35
19
25
10
6
31
3
17
32
15
35
15
1
8
19
32
21
15
1
10
6
21
17
21
3
6
9
9
30
9
9
31
9
9
4
15
30
38
6
18
18
18
18
8
28
16
29
33
31
12
29
29
34
13
10
10
12
11
37
37
12
12
12
1
2
16
37
1
3
28
16
19
23
1
38
28
0
33
28
0
38
4
0
7
37
28
20
24
20
24
24
0
20
15
27
21
24
20
24
24
4
0
27
27
20
24
20
35
25
24
21
4
20
6
18
21
21
10
3
10
1
11
23
25
6
21
22
21
17
21
21
6
21
21
33
34
15
35
17
6
3
21
32
30
3
3
1
10
27
9
9
38
38
28
30
9
38
31
18
8
18
16
16
8
29
13
7
28
29
28
28
12
11
29
29
29
22
5
2
38
2
2
0
16
5
6
12
6
36
30
37
5
21
4
5
1
30
5
5
5
5
5
24
1
1
29
38
0
29
33
0
7
0
7
33
21
33
0
33
4
24
24
4
21
20
24
24
24
0
24
21
15
3
4
11
20
21
20
34
20
21
20
24
39
10
21
21
27
34
